[[1]]
[1] "2.. 32 32 16 16 16 16 32 32 32 32 32"

[[2]]
[1] "32 32 16 16 16 16 32 32 32 32 32 32"

[[3]]
[1] "32 16 16 16 16 32 32 32 32 32 32 16."

[[4]]
[1] "16 16 16 16 32 32 32 32 32 32 16. 16."

[[5]]
[1] "16 16 16 32 32 32 32 32 32 16. 16. 8"

[[6]]
[1] "16 16 32 32 32 32 32 32 16. 16. 8 16"

[[7]]
[1] "16 32 32 32 32 32 32 16. 16. 8 16 32"

[[8]]
[1] "32 32 32 32 32 32 16. 16. 8 16 32 32"

[[9]]
[1] "32 32 32 32 32 16. 16. 8 16 32 32 32"

[[10]]
[1] "32 32 32 32 16. 16. 8 16 32 32 32 32"

[[11]]
[1] "32 32 32 16. 16. 8 16 32 32 32 32 16."

[[12]]
[1] "32 32 16. 16. 8 16 32 32 32 32 16. 16."

[[13]]
[1] "32 16. 16. 8 16 32 32 32 32 16. 16. 8"

[[14]]
[1] "16. 16. 8 16 32 32 32 32 16. 16. 8 16"

[[15]]
[1] "16. 8 16 32 32 32 32 16. 16. 8 16 32"

[[16]]
[1] "8 16 32 32 32 32 16. 16. 8 16 32 32"

[[17]]
[1] "16 32 32 32 32 16. 16. 8 16 32 32 16"

[[18]]
[1] "32 32 32 32 16. 16. 8 16 32 32 16 32"

[[19]]
[1] "32 32 32 16. 16. 8 16 32 32 16 32 32"

[[20]]
[1] "32 32 16. 16. 8 16 32 32 16 32 32 32"

[[21]]
[1] "32 16. 16. 8 16 32 32 16 32 32 32 32"

[[22]]
[1] "16. 16. 8 16 32 32 16 32 32 32 32 32"

[[23]]
[1] "16. 8 16 32 32 16 32 32 32 32 32 32"

[[24]]
[1] "8 16 32 32 16 32 32 32 32 32 32 16"

[[25]]
[1] "16 32 32 16 32 32 32 32 32 32 16 16"

[[26]]
[1] "32 32 16 32 32 32 32 32 32 16 16 32"

[[27]]
[1] "32 16 32 32 32 32 32 32 16 16 32 32"

[[28]]
[1] "16 32 32 32 32 32 32 16 16 32 32 16"

[[29]]
[1] "32 32 32 32 32 32 16 16 32 32 16 32"

[[30]]
[1] "32 32 32 32 32 16 16 32 32 16 32 16"

[[31]]
[1] "32 32 32 32 16 16 32 32 16 32 16 16."

[[32]]
[1] "32 32 32 16 16 32 32 16 32 16 16. 16"

[[33]]
[1] "32 32 16 16 32 32 16 32 16 16. 16 16"

[[34]]
[1] "32 16 16 32 32 16 32 16 16. 16 16 16"

[[35]]
[1] "16 16 32 32 16 32 16 16. 16 16 16 16"

[[36]]
[1] "16 32 32 16 32 16 16. 16 16 16 16 16"

[[37]]
[1] "32 32 16 32 16 16. 16 16 16 16 16 16"

[[38]]
[1] "32 16 32 16 16. 16 16 16 16 16 16 16"

[[39]]
[1] "16 32 16 16. 16 16 16 16 16 16 16 16"

[[40]]
[1] "32 16 16. 16 16 16 16 16 16 16 16 32"

[[41]]
[1] "16 16. 16 16 16 16 16 16 16 16 32 16"

[[42]]
[1] "16. 16 16 16 16 16 16 16 16 32 16 16"

[[43]]
[1] "16 16 16 16 16 16 16 16 32 16 16 32"

[[44]]
[1] "16 16 16 16 16 16 16 32 16 16 32 16"

[[45]]
[1] "16 16 16 16 16 16 32 16 16 32 16 16"

[[46]]
[1] "16 16 16 16 16 32 16 16 32 16 16 16"

[[47]]
[1] "16 16 16 16 32 16 16 32 16 16 16 16"

[[48]]
[1] "16 16 16 32 16 16 32 16 16 16 16 32"

[[49]]
[1] "16 16 32 16 16 32 16 16 16 16 32 32"

[[50]]
[1] "16 32 16 16 32 16 16 16 16 32 32 16"

[[51]]
[1] "32 16 16 32 16 16 16 16 32 32 16 16"

[[52]]
[1] "16 16 32 16 16 16 16 32 32 16 16 16"

[[53]]
[1] "16 32 16 16 16 16 32 32 16 16 16 32"

[[54]]
[1] "32 16 16 16 16 32 32 16 16 16 32 16"

[[55]]
[1] "16 16 16 16 32 32 16 16 16 32 16 32"

[[56]]
[1] "16 16 16 32 32 16 16 16 32 16 32 32"

[[57]]
[1] "16 16 32 32 16 16 16 32 16 32 32 32"

[[58]]
[1] "16 32 32 16 16 16 32 16 32 32 32 16"

[[59]]
[1] "32 32 16 16 16 32 16 32 32 32 16 32"

[[60]]
[1] "32 16 16 16 32 16 32 32 32 16 32 32"

[[61]]
[1] "16 16 16 32 16 32 32 32 16 32 32 16"

[[62]]
[1] "16 16 32 16 32 32 32 16 32 32 16 32"

[[63]]
[1] "16 32 16 32 32 32 16 32 32 16 32 16"

[[64]]
[1] "32 16 32 32 32 16 32 32 16 32 16 32"

[[65]]
[1] "16 32 32 32 16 32 32 16 32 16 32 16"

[[66]]
[1] "32 32 32 16 32 32 16 32 16 32 16 16"

[[67]]
[1] "32 32 16 32 32 16 32 16 32 16 16 8"

[[68]]
[1] "32 16 32 32 16 32 16 32 16 16 8 16"

[[69]]
[1] "16 32 32 16 32 16 32 16 16 8 16 16"

[[70]]
[1] "32 32 16 32 16 32 16 16 8 16 16 16"

[[71]]
[1] "32 16 32 16 32 16 16 8 16 16 16 16"

[[72]]
[1] "16 32 16 32 16 16 8 16 16 16 16 16"

[[73]]
[1] "32 16 32 16 16 8 16 16 16 16 16 16"

[[74]]
[1] "16 32 16 16 8 16 16 16 16 16 16 8"

[[75]]
[1] "32 16 16 8 16 16 16 16 16 16 8 16"

[[76]]
[1] "16 16 8 16 16 16 16 16 16 8 16 32"

[[77]]
[1] "16 8 16 16 16 16 16 16 8 16 32 16"

[[78]]
[1] "8 16 16 16 16 16 16 8 16 32 16 16"

[[79]]
[1] "16 16 16 16 16 16 8 16 32 16 16 32"

[[80]]
[1] "16 16 16 16 16 8 16 32 16 16 32 16"

[[81]]
[1] "16 16 16 16 8 16 32 16 16 32 16 16"

[[82]]
[1] "16 16 16 8 16 32 16 16 32 16 16 8"

[[83]]
[1] "16 16 8 16 32 16 16 32 16 16 8 16"

[[84]]
[1] "16 8 16 32 16 16 32 16 16 8 16 16"

[[85]]
[1] "8 16 32 16 16 32 16 16 8 16 16 16"

[[86]]
[1] "16 32 16 16 32 16 16 8 16 16 16 16"

[[87]]
[1] "32 16 16 32 16 16 8 16 16 16 16 16"

[[88]]
[1] "16 16 32 16 16 8 16 16 16 16 16 16"

[[89]]
[1] "16 32 16 16 8 16 16 16 16 16 16 8"

[[90]]
[1] "32 16 16 8 16 16 16 16 16 16 8 32"

[[91]]
[1] "16 16 8 16 16 16 16 16 16 8 32 32"

[[92]]
[1] "16 8 16 16 16 16 16 16 8 32 32 16"

[[93]]
[1] "8 16 16 16 16 16 16 8 32 32 16 32"

[[94]]
[1] "16 16 16 16 16 16 8 32 32 16 32 16"

[[95]]
[1] "16 16 16 16 16 8 32 32 16 32 16 32"

[[96]]
[1] "16 16 16 16 8 32 32 16 32 16 32 16"

[[97]]
[1] "16 16 16 8 32 32 16 32 16 32 16 16"

[[98]]
[1] "16 16 8 32 32 16 32 16 32 16 16 8"

[[99]]
[1] "16 8 32 32 16 32 16 32 16 16 8 16"

[[100]]
[1] "8 32 32 16 32 16 32 16 16 8 16 16."

[[101]]
[1] "32 32 16 32 16 32 16 16 8 16 16. 16"

[[102]]
[1] "32 16 32 16 32 16 16 8 16 16. 16 16"

[[103]]
[1] "16 32 16 32 16 16 8 16 16. 16 16 32"

[[104]]
[1] "32 16 32 16 16 8 16 16. 16 16 32 16."

[[105]]
[1] "16 32 16 16 8 16 16. 16 16 32 16. 16"

[[106]]
[1] "32 16 16 8 16 16. 16 16 32 16. 16 32"

[[107]]
[1] "16 16 8 16 16. 16 16 32 16. 16 32 16"

[[108]]
[1] "16 8 16 16. 16 16 32 16. 16 32 16 16."

[[109]]
[1] "8 16 16. 16 16 32 16. 16 32 16 16. 16."

[[110]]
[1] "16 16. 16 16 32 16. 16 32 16 16. 16. 16"

[[111]]
[1] "16. 16 16 32 16. 16 32 16 16. 16. 16 16"

[[112]]
[1] "16 16 32 16. 16 32 16 16. 16. 16 16 32"

[[113]]
[1] "16 32 16. 16 32 16 16. 16. 16 16 32 16"

[[114]]
[1] "32 16. 16 32 16 16. 16. 16 16 32 16 16."

[[115]]
[1] "16. 16 32 16 16. 16. 16 16 32 16 16. 16."

[[116]]
[1] "16 32 16 16. 16. 16 16 32 16 16. 16. 16."

[[117]]
[1] "32 16 16. 16. 16 16 32 16 16. 16. 16. 16"

[[118]]
[1] "16 16. 16. 16 16 32 16 16. 16. 16. 16 16."

[[119]]
[1] "16. 16. 16 16 32 16 16. 16. 16. 16 16. 16."

[[120]]
[1] "16. 16 16 32 16 16. 16. 16. 16 16. 16. 16"

[[121]]
[1] "16 16 32 16 16. 16. 16. 16 16. 16. 16 16."

[[122]]
[1] "16 32 16 16. 16. 16. 16 16. 16. 16 16. 16."

[[123]]
[1] "32 16 16. 16. 16. 16 16. 16. 16 16. 16. 16"

[[124]]
[1] "16 16. 16. 16. 16 16. 16. 16 16. 16. 16 16."

[[125]]
[1] "16. 16. 16. 16 16. 16. 16 16. 16. 16 16. 16."

[[126]]
[1] "16. 16. 16 16. 16. 16 16. 16. 16 16. 16. 16"

[[127]]
[1] "16. 16 16. 16. 16 16. 16. 16 16. 16. 16 16"

[[128]]
[1] "16 16. 16. 16 16. 16. 16 16. 16. 16 16 16"

[[129]]
[1] "16. 16. 16 16. 16. 16 16. 16. 16 16 16 16"

[[130]]
[1] "16. 16 16. 16. 16 16. 16. 16 16 16 16 32"

[[131]]
[1] "16 16. 16. 16 16. 16. 16 16 16 16 32 32"

[[132]]
[1] "16. 16. 16 16. 16. 16 16 16 16 32 32 16."

[[133]]
[1] "16. 16 16. 16. 16 16 16 16 32 32 16. 16"

[[134]]
[1] "16 16. 16. 16 16 16 16 32 32 16. 16 16."

[[135]]
[1] "16. 16. 16 16 16 16 32 32 16. 16 16. 16."

[[136]]
[1] "16. 16 16 16 16 32 32 16. 16 16. 16. 16"

[[137]]
[1] "16 16 16 16 32 32 16. 16 16. 16. 16 32"

[[138]]
[1] "16 16 16 32 32 16. 16 16. 16. 16 32 16"

[[139]]
[1] "16 16 32 32 16. 16 16. 16. 16 32 16 16."

[[140]]
[1] "16 32 32 16. 16 16. 16. 16 32 16 16. 16"

[[141]]
[1] "32 32 16. 16 16. 16. 16 32 16 16. 16 16."

[[142]]
[1] "32 16. 16 16. 16. 16 32 16 16. 16 16. 16"

[[143]]
[1] "16. 16 16. 16. 16 32 16 16. 16 16. 16 32"

[[144]]
[1] "16 16. 16. 16 32 16 16. 16 16. 16 32 16."

[[145]]
[1] "16. 16. 16 32 16 16. 16 16. 16 32 16. 16"

[[146]]
[1] "16. 16 32 16 16. 16 16. 16 32 16. 16 16"

[[147]]
[1] "16 32 16 16. 16 16. 16 32 16. 16 16 32"

[[148]]
[1] "32 16 16. 16 16. 16 32 16. 16 16 32 16."

[[149]]
[1] "16 16. 16 16. 16 32 16. 16 16 32 16. 16"

[[150]]
[1] "16. 16 16. 16 32 16. 16 16 32 16. 16 32"

[[151]]
[1] "16 16. 16 32 16. 16 16 32 16. 16 32 32"

[[152]]
[1] "16. 16 32 16. 16 16 32 16. 16 32 32 32"

[[153]]
[1] "16 32 16. 16 16 32 16. 16 32 32 32 16"

[[154]]
[1] "32 16. 16 16 32 16. 16 32 32 32 16 16"

[[155]]
[1] "16. 16 16 32 16. 16 32 32 32 16 16 32"

[[156]]
[1] "16 16 32 16. 16 32 32 32 16 16 32 16."

[[157]]
[1] "16 32 16. 16 32 32 32 16 16 32 16. 16."

[[158]]
[1] "32 16. 16 32 32 32 16 16 32 16. 16. 16"

[[159]]
[1] "16. 16 32 32 32 16 16 32 16. 16. 16 16"

[[160]]
[1] "16 32 32 32 16 16 32 16. 16. 16 16 16"

[[161]]
[1] "32 32 32 16 16 32 16. 16. 16 16 16 16"

[[162]]
[1] "32 32 16 16 32 16. 16. 16 16 16 16 16"

[[163]]
[1] "32 16 16 32 16. 16. 16 16 16 16 16 16."

[[164]]
[1] "16 16 32 16. 16. 16 16 16 16 16 16. 16"

[[165]]
[1] "16 32 16. 16. 16 16 16 16 16 16. 16 16."

[[166]]
[1] "32 16. 16. 16 16 16 16 16 16. 16 16. 16"

[[167]]
[1] "16. 16. 16 16 16 16 16 16. 16 16. 16 32"

[[168]]
[1] "16. 16 16 16 16 16 16. 16 16. 16 32 16"

[[169]]
[1] "16 16 16 16 16 16. 16 16. 16 32 16 32"

[[170]]
[1] "16 16 16 16 16. 16 16. 16 32 16 32 16"

[[171]]
[1] "16 16 16 16. 16 16. 16 32 16 32 16 16"

[[172]]
[1] "16 16 16. 16 16. 16 32 16 32 16 16 16"

[[173]]
[1] "16 16. 16 16. 16 32 16 32 16 16 16 16"

[[174]]
[1] "16. 16 16. 16 32 16 32 16 16 16 16 16"

[[175]]
[1] "16 16. 16 32 16 32 16 16 16 16 16 16"

[[176]]
[1] "16. 16 32 16 32 16 16 16 16 16 16 32"

[[177]]
[1] "16 32 16 32 16 16 16 16 16 16 32 16."

[[178]]
[1] "32 16 32 16 16 16 16 16 16 32 16. 16"

[[179]]
[1] "16 32 16 16 16 16 16 16 32 16. 16 16"

[[180]]
[1] "32 16 16 16 16 16 16 32 16. 16 16 32"

[[181]]
[1] "16 16 16 16 16 16 32 16. 16 16 32 16."

[[182]]
[1] "16 16 16 16 16 32 16. 16 16 32 16. 32"

[[183]]
[1] "16 16 16 16 32 16. 16 16 32 16. 32 32"

[[184]]
[1] "16 16 16 32 16. 16 16 32 16. 32 32 32"

[[185]]
[1] "16 16 32 16. 16 16 32 16. 32 32 32 16"

[[186]]
[1] "16 32 16. 16 16 32 16. 32 32 32 16 32"

[[187]]
[1] "32 16. 16 16 32 16. 32 32 32 16 32 16"

[[188]]
[1] "16. 16 16 32 16. 32 32 32 16 32 16 32"

[[189]]
[1] "16 16 32 16. 32 32 32 16 32 16 32 32"

[[190]]
[1] "16 32 16. 32 32 32 16 32 16 32 32 16"

[[191]]
[1] "32 16. 32 32 32 16 32 16 32 32 16 16"

[[192]]
[1] "16. 32 32 32 16 32 16 32 32 16 16 16"

[[193]]
[1] "32 32 32 16 32 16 32 32 16 16 16 16"

[[194]]
[1] "32 32 16 32 16 32 32 16 16 16 16 16"

[[195]]
[1] "32 16 32 16 32 32 16 16 16 16 16 16"

[[196]]
[1] "16 32 16 32 32 16 16 16 16 16 16 16"

[[197]]
[1] "32 16 32 32 16 16 16 16 16 16 16 16"

[[198]]
[1] "16 32 32 16 16 16 16 16 16 16 16 16"

[[199]]
[1] "32 32 16 16 16 16 16 16 16 16 16 8"

[[200]]
[1] "32 16 16 16 16 16 16 16 16 16 8 16"

[[201]]
[1] "16 16 16 16 16 16 16 16 16 8 16 16"

[[202]]
[1] "16 16 16 16 16 16 16 16 8 16 16 32"

[[203]]
[1] "16 16 16 16 16 16 16 8 16 16 32 16"

[[204]]
[1] "16 16 16 16 16 16 8 16 16 32 16 32"

[[205]]
[1] "16 16 16 16 16 8 16 16 32 16 32 16"

[[206]]
[1] "16 16 16 16 8 16 16 32 16 32 16 16"

[[207]]
[1] "16 16 16 8 16 16 32 16 32 16 16 8"

[[208]]
[1] "16 16 8 16 16 32 16 32 16 16 8 16"

[[209]]
[1] "16 8 16 16 32 16 32 16 16 8 16 16."

[[210]]
[1] "8 16 16 32 16 32 16 16 8 16 16. 16"

[[211]]
[1] "16 16 32 16 32 16 16 8 16 16. 16 16"

[[212]]
[1] "16 32 16 32 16 16 8 16 16. 16 16 32"

[[213]]
[1] "32 16 32 16 16 8 16 16. 16 16 32 16."

[[214]]
[1] "16 32 16 16 8 16 16. 16 16 32 16. 16"

[[215]]
[1] "32 16 16 8 16 16. 16 16 32 16. 16 16"

[[216]]
[1] "16 16 8 16 16. 16 16 32 16. 16 16 32"

[[217]]
[1] "16 8 16 16. 16 16 32 16. 16 16 32 16"

[[218]]
[1] "8 16 16. 16 16 32 16. 16 16 32 16 32"

[[219]]
[1] "16 16. 16 16 32 16. 16 16 32 16 32 16"

[[220]]
[1] "16. 16 16 32 16. 16 16 32 16 32 16 32"

[[221]]
[1] "16 16 32 16. 16 16 32 16 32 16 32 16"

[[222]]
[1] "16 32 16. 16 16 32 16 32 16 32 16 16"

[[223]]
[1] "32 16. 16 16 32 16 32 16 32 16 16 8."

[[224]]
[1] "16. 16 16 32 16 32 16 32 16 16 8. 16"

[[225]]
[1] "16 16 32 16 32 16 32 16 16 8. 16 16"

[[226]]
[1] "16 32 16 32 16 32 16 16 8. 16 16 16"

[[227]]
[1] "32 16 32 16 32 16 16 8. 16 16 16 16"

[[228]]
[1] "16 32 16 32 16 16 8. 16 16 16 16 16"

[[229]]
[1] "32 16 32 16 16 8. 16 16 16 16 16 8"

[[230]]
[1] "16 32 16 16 8. 16 16 16 16 16 8 16"

[[231]]
[1] "32 16 16 8. 16 16 16 16 16 8 16 16."

[[232]]
[1] "16 16 8. 16 16 16 16 16 8 16 16. 16"

[[233]]
[1] "16 8. 16 16 16 16 16 8 16 16. 16 16"

[[234]]
[1] "8. 16 16 16 16 16 8 16 16. 16 16 32"

[[235]]
[1] "16 16 16 16 16 8 16 16. 16 16 32 16"

[[236]]
[1] "16 16 16 16 8 16 16. 16 16 32 16 8"

[[237]]
[1] "16 16 16 8 16 16. 16 16 32 16 8 16"

[[238]]
[1] "16 16 8 16 16. 16 16 32 16 8 16 16."

[[239]]
[1] "16 8 16 16. 16 16 32 16 8 16 16. 16."

[[240]]
[1] "8 16 16. 16 16 32 16 8 16 16. 16. 16"

[[241]]
[1] "16 16. 16 16 32 16 8 16 16. 16. 16 16."

[[242]]
[1] "16. 16 16 32 16 8 16 16. 16. 16 16. 16."

[[243]]
[1] "16 16 32 16 8 16 16. 16. 16 16. 16. 32"

[[244]]
[1] "16 32 16 8 16 16. 16. 16 16. 16. 32 32"

[[245]]
[1] "32 16 8 16 16. 16. 16 16. 16. 32 32 32"

[[246]]
[1] "16 8 16 16. 16. 16 16. 16. 32 32 32 32"

[[247]]
[1] "8 16 16. 16. 16 16. 16. 32 32 32 32 32"

[[248]]
[1] "16 16. 16. 16 16. 16. 32 32 32 32 32 16."

[[249]]
[1] "16. 16. 16 16. 16. 32 32 32 32 32 16. 16"

[[250]]
[1] "16. 16 16. 16. 32 32 32 32 32 16. 16 16."

[[251]]
[1] "16 16. 16. 32 32 32 32 32 16. 16 16. 16."

[[252]]
[1] "16. 16. 32 32 32 32 32 16. 16 16. 16. 16"

[[253]]
[1] "16. 32 32 32 32 32 16. 16 16. 16. 16 16"

[[254]]
[1] "32 32 32 32 32 16. 16 16. 16. 16 16 16"

[[255]]
[1] "32 32 32 32 16. 16 16. 16. 16 16 16 16."

[[256]]
[1] "32 32 32 16. 16 16. 16. 16 16 16 16. 32"

[[257]]
[1] "32 32 16. 16 16. 16. 16 16 16 16. 32 16"

[[258]]
[1] "32 16. 16 16. 16. 16 16 16 16. 32 16 16"

[[259]]
[1] "16. 16 16. 16. 16 16 16 16. 32 16 16 16"

[[260]]
[1] "16 16. 16. 16 16 16 16. 32 16 16 16 16"

[[261]]
[1] "16. 16. 16 16 16 16. 32 16 16 16 16 16"

[[262]]
[1] "16. 16 16 16 16. 32 16 16 16 16 16 16"

[[263]]
[1] "16 16 16 16. 32 16 16 16 16 16 16 16"

[[264]]
[1] "16 16 16. 32 16 16 16 16 16 16 16 16"

[[265]]
[1] "16 16. 32 16 16 16 16 16 16 16 16 16%5"

[[266]]
[1] "16. 32 16 16 16 16 16 16 16 16 16%5 16"

[[267]]
[1] "32 16 16 16 16 16 16 16 16 16%5 16 8"

[[268]]
[1] "16 16 16 16 16 16 16 16 16%5 16 8 16"

[[269]]
[1] "16 16 16 16 16 16 16 16%5 16 8 16 16"

[[270]]
[1] "16 16 16 16 16 16 16%5 16 8 16 16 16"

[[271]]
[1] "16 16 16 16 16 16%5 16 8 16 16 16 16"

[[272]]
[1] "16 16 16 16 16%5 16 8 16 16 16 16 8"

[[273]]
[1] "16 16 16 16%5 16 8 16 16 16 16 8 16"

[[274]]
[1] "16 16 16%5 16 8 16 16 16 16 8 16 16"

[[275]]
[1] "16 16%5 16 8 16 16 16 16 8 16 16 32%9"

[[276]]
[1] "16%5 16 8 16 16 16 16 8 16 16 32%9 16."

[[277]]
[1] "16 8 16 16 16 16 8 16 16 32%9 16. 16"

[[278]]
[1] "8 16 16 16 16 8 16 16 32%9 16. 16 16"

[[279]]
[1] "16 16 16 16 8 16 16 32%9 16. 16 16 16"

[[280]]
[1] "16 16 16 8 16 16 32%9 16. 16 16 16 16"

[[281]]
[1] "16 16 8 16 16 32%9 16. 16 16 16 16 16"

[[282]]
[1] "16 8 16 16 32%9 16. 16 16 16 16 16 16"

[[283]]
[1] "8 16 16 32%9 16. 16 16 16 16 16 16 8"

[[284]]
[1] "16 16 32%9 16. 16 16 16 16 16 16 8 8"

[[285]]
[1] "16 32%9 16. 16 16 16 16 16 16 8 8 4"

[[286]]
[1] "32%9 16. 16 16 16 16 16 16 8 8 4 16"

[[287]]
[1] "16. 16 16 16 16 16 16 8 8 4 16 16"

[[288]]
[1] "16 16 16 16 16 16 8 8 4 16 16 8"

[[289]]
[1] "16 16 16 16 16 8 8 4 16 16 8 16"

[[290]]
[1] "16 16 16 16 8 8 4 16 16 8 16 16"

[[291]]
[1] "16 16 16 8 8 4 16 16 8 16 16 16"

[[292]]
[1] "16 16 8 8 4 16 16 8 16 16 16 16"

[[293]]
[1] "16 8 8 4 16 16 8 16 16 16 16 16"

[[294]]
[1] "8 8 4 16 16 8 16 16 16 16 16 16"

[[295]]
[1] "8 4 16 16 8 16 16 16 16 16 16 16"

[[296]]
[1] "4 16 16 8 16 16 16 16 16 16 16 16"

[[297]]
[1] "16 16 8 16 16 16 16 16 16 16 16 4"

[[298]]
[1] "16 8 16 16 16 16 16 16 16 16 4 16"

[[299]]
[1] "8 16 16 16 16 16 16 16 16 4 16 16"

[[300]]
[1] "16 16 16 16 16 16 16 16 4 16 16 16"

[[301]]
[1] "16 16 16 16 16 16 16 4 16 16 16 16"

[[302]]
[1] "16 16 16 16 16 16 4 16 16 16 16 16"

[[303]]
[1] "16 16 16 16 16 4 16 16 16 16 16 16"

[[304]]
[1] "16 16 16 16 4 16 16 16 16 16 16 16"

[[305]]
[1] "16 16 16 4 16 16 16 16 16 16 16 16"

[[306]]
[1] "16 16 4 16 16 16 16 16 16 16 16 4"

[[307]]
[1] "16 4 16 16 16 16 16 16 16 16 4 16"

[[308]]
[1] "4 16 16 16 16 16 16 16 16 4 16 16"

[[309]]
[1] "16 16 16 16 16 16 16 16 4 16 16 16"

[[310]]
[1] "16 16 16 16 16 16 16 4 16 16 16 16"

[[311]]
[1] "16 16 16 16 16 16 4 16 16 16 16 16"

[[312]]
[1] "16 16 16 16 16 4 16 16 16 16 16 16"

[[313]]
[1] "16 16 16 16 4 16 16 16 16 16 16 32"

[[314]]
[1] "16 16 16 4 16 16 16 16 16 16 32 16."

[[315]]
[1] "16 16 4 16 16 16 16 16 16 32 16. 16"

[[316]]
[1] "16 4 16 16 16 16 16 16 32 16. 16 16"

[[317]]
[1] "4 16 16 16 16 16 16 32 16. 16 16 16"

[[318]]
[1] "16 16 16 16 16 16 32 16. 16 16 16 16"

[[319]]
[1] "16 16 16 16 16 32 16. 16 16 16 16 4"

[[320]]
[1] "16 16 16 16 32 16. 16 16 16 16 4 16"

[[321]]
[1] "16 16 16 32 16. 16 16 16 16 4 16 16"

[[322]]
[1] "16 16 32 16. 16 16 16 16 4 16 16 8"

[[323]]
[1] "16 32 16. 16 16 16 16 4 16 16 8 16"

[[324]]
[1] "32 16. 16 16 16 16 4 16 16 8 16 16"

[[325]]
[1] "16. 16 16 16 16 4 16 16 8 16 16 16"

[[326]]
[1] "16 16 16 16 4 16 16 8 16 16 16 16"

[[327]]
[1] "16 16 16 4 16 16 8 16 16 16 16 16"

[[328]]
[1] "16 16 4 16 16 8 16 16 16 16 16 16"

[[329]]
[1] "16 4 16 16 8 16 16 16 16 16 16 8"

[[330]]
[1] "4 16 16 8 16 16 16 16 16 16 8 4"

[[331]]
[1] "16 16 8 16 16 16 16 16 16 8 4 16"

[[332]]
[1] "16 8 16 16 16 16 16 16 8 4 16 16"

[[333]]
[1] "8 16 16 16 16 16 16 8 4 16 16 8"

[[334]]
[1] "16 16 16 16 16 16 8 4 16 16 8 16"

[[335]]
[1] "16 16 16 16 16 8 4 16 16 8 16 16"

[[336]]
[1] "16 16 16 16 8 4 16 16 8 16 16 32"

[[337]]
[1] "16 16 16 8 4 16 16 8 16 16 32 16."

[[338]]
[1] "16 16 8 4 16 16 8 16 16 32 16. 16"

[[339]]
[1] "16 8 4 16 16 8 16 16 32 16. 16 32"

[[340]]
[1] "8 4 16 16 8 16 16 32 16. 16 32 32"

[[341]]
[1] "4 16 16 8 16 16 32 16. 16 32 32 32"

[[342]]
[1] "16 16 8 16 16 32 16. 16 32 32 32 32"

[[343]]
[1] "16 8 16 16 32 16. 16 32 32 32 32 32"

[[344]]
[1] "8 16 16 32 16. 16 32 32 32 32 32 32"

[[345]]
[1] "16 16 32 16. 16 32 32 32 32 32 32 16"

[[346]]
[1] "16 32 16. 16 32 32 32 32 32 32 16 32"

[[347]]
[1] "32 16. 16 32 32 32 32 32 32 16 32 32"

[[348]]
[1] "16. 16 32 32 32 32 32 32 16 32 32 32"

[[349]]
[1] "16 32 32 32 32 32 32 16 32 32 32 32"

[[350]]
[1] "32 32 32 32 32 32 16 32 32 32 32 16"

[[351]]
[1] "32 32 32 32 32 16 32 32 32 32 16 16"

[[352]]
[1] "32 32 32 32 16 32 32 32 32 16 16 16"

[[353]]
[1] "32 32 32 16 32 32 32 32 16 16 16 8"

[[354]]
[1] "32 32 16 32 32 32 32 16 16 16 8 16"

[[355]]
[1] "32 16 32 32 32 32 16 16 16 8 16 16"

[[356]]
[1] "16 32 32 32 32 16 16 16 8 16 16 16"

[[357]]
[1] "32 32 32 32 16 16 16 8 16 16 16 16"

[[358]]
[1] "32 32 32 16 16 16 8 16 16 16 16 16"

[[359]]
[1] "32 32 16 16 16 8 16 16 16 16 16 16"

[[360]]
[1] "32 16 16 16 8 16 16 16 16 16 16 16"

[[361]]
[1] "16 16 16 8 16 16 16 16 16 16 16 16"

[[362]]
[1] "16 16 8 16 16 16 16 16 16 16 16 16"

[[363]]
[1] "16 8 16 16 16 16 16 16 16 16 16 16"

[[364]]
[1] "8 16 16 16 16 16 16 16 16 16 16 16"

[[365]]
[1] "16 16 16 16 16 16 16 16 16 16 16 32"

[[366]]
[1] "16 16 16 16 16 16 16 16 16 16 32 32"

[[367]]
[1] "16 16 16 16 16 16 16 16 16 32 32 16"

[[368]]
[1] "16 16 16 16 16 16 16 16 32 32 16 16"

[[369]]
[1] "16 16 16 16 16 16 16 32 32 16 16 16"

[[370]]
[1] "16 16 16 16 16 16 32 32 16 16 16 16"

[[371]]
[1] "16 16 16 16 16 32 32 16 16 16 16 16"

[[372]]
[1] "16 16 16 16 32 32 16 16 16 16 16 16"

[[373]]
[1] "16 16 16 32 32 16 16 16 16 16 16 16."

[[374]]
[1] "16 16 32 32 16 16 16 16 16 16 16. 32"

[[375]]
[1] "16 32 32 16 16 16 16 16 16 16. 32 16"

[[376]]
[1] "32 32 16 16 16 16 16 16 16. 32 16 16"

[[377]]
[1] "32 16 16 16 16 16 16 16. 32 16 16 8."

[[378]]
[1] "16 16 16 16 16 16 16. 32 16 16 8. 8."

[[379]]
[1] "16 16 16 16 16 16. 32 16 16 8. 8. 16"

[[380]]
[1] "16 16 16 16 16. 32 16 16 8. 8. 16 16"

[[381]]
[1] "16 16 16 16. 32 16 16 8. 8. 16 16 16."

[[382]]
[1] "16 16 16. 32 16 16 8. 8. 16 16 16. 32"

[[383]]
[1] "16 16. 32 16 16 8. 8. 16 16 16. 32 16"

[[384]]
[1] "16. 32 16 16 8. 8. 16 16 16. 32 16 8"

[[385]]
[1] "32 16 16 8. 8. 16 16 16. 32 16 8 16"

[[386]]
[1] "16 16 8. 8. 16 16 16. 32 16 8 16 16"

[[387]]
[1] "16 8. 8. 16 16 16. 32 16 8 16 16 16"

[[388]]
[1] "8. 8. 16 16 16. 32 16 8 16 16 16 16"

[[389]]
[1] "8. 16 16 16. 32 16 8 16 16 16 16 16"

[[390]]
[1] "16 16 16. 32 16 8 16 16 16 16 16 16."

[[391]]
[1] "16 16. 32 16 8 16 16 16 16 16 16. 32"

[[392]]
[1] "16. 32 16 8 16 16 16 16 16 16. 32 16"

[[393]]
[1] "32 16 8 16 16 16 16 16 16. 32 16 16"

[[394]]
[1] "16 8 16 16 16 16 16 16. 32 16 16 8."

[[395]]
[1] "8 16 16 16 16 16 16. 32 16 16 8. 16"

[[396]]
[1] "16 16 16 16 16 16. 32 16 16 8. 16 16"

[[397]]
[1] "16 16 16 16 16. 32 16 16 8. 16 16 16"

[[398]]
[1] "16 16 16 16. 32 16 16 8. 16 16 16 16"

[[399]]
[1] "16 16 16. 32 16 16 8. 16 16 16 16 16"

[[400]]
[1] "16 16. 32 16 16 8. 16 16 16 16 16 16"

[[401]]
[1] "16. 32 16 16 8. 16 16 16 16 16 16 16"

[[402]]
[1] "32 16 16 8. 16 16 16 16 16 16 16 16"

[[403]]
[1] "16 16 8. 16 16 16 16 16 16 16 16 16"

[[404]]
[1] "16 8. 16 16 16 16 16 16 16 16 16 16"

[[405]]
[1] "8. 16 16 16 16 16 16 16 16 16 16 16"

[[406]]
[1] "16 16 16 16 16 16 16 16 16 16 16 16"

[[407]]
[1] "16 16 16 16 16 16 16 16 16 16 16 16"

[[408]]
[1] "16 16 16 16 16 16 16 16 16 16 16 8"

[[409]]
[1] "16 16 16 16 16 16 16 16 16 16 8 16"

[[410]]
[1] "16 16 16 16 16 16 16 16 16 8 16 16"

[[411]]
[1] "16 16 16 16 16 16 16 16 8 16 16 16"

[[412]]
[1] "16 16 16 16 16 16 16 8 16 16 16 16"

[[413]]
[1] "16 16 16 16 16 16 8 16 16 16 16 16"

[[414]]
[1] "16 16 16 16 16 8 16 16 16 16 16 16"

[[415]]
[1] "16 16 16 16 8 16 16 16 16 16 16 16"

[[416]]
[1] "16 16 16 8 16 16 16 16 16 16 16 8"

[[417]]
[1] "16 16 8 16 16 16 16 16 16 16 8 16"

[[418]]
[1] "16 8 16 16 16 16 16 16 16 8 16 16"

[[419]]
[1] "8 16 16 16 16 16 16 16 8 16 16 16"

[[420]]
[1] "16 16 16 16 16 16 16 8 16 16 16 16"

[[421]]
[1] "16 16 16 16 16 16 8 16 16 16 16 16"

[[422]]
[1] "16 16 16 16 16 8 16 16 16 16 16 16"

[[423]]
[1] "16 16 16 16 8 16 16 16 16 16 16 8"

[[424]]
[1] "16 16 16 8 16 16 16 16 16 16 8 16"

[[425]]
[1] "16 16 8 16 16 16 16 16 16 8 16 8"

[[426]]
[1] "16 8 16 16 16 16 16 16 8 16 8 16"

[[427]]
[1] "8 16 16 16 16 16 16 8 16 8 16 16"

[[428]]
[1] "16 16 16 16 16 16 8 16 8 16 16 16"

[[429]]
[1] "16 16 16 16 16 8 16 8 16 16 16 16"

[[430]]
[1] "16 16 16 16 8 16 8 16 16 16 16 16"

[[431]]
[1] "16 16 16 8 16 8 16 16 16 16 16 16"

[[432]]
[1] "16 16 8 16 8 16 16 16 16 16 16 16"

[[433]]
[1] "16 8 16 8 16 16 16 16 16 16 16 16"

[[434]]
[1] "8 16 8 16 16 16 16 16 16 16 16 16"

[[435]]
[1] "16 8 16 16 16 16 16 16 16 16 16 16"

[[436]]
[1] "8 16 16 16 16 16 16 16 16 16 16 16"

[[437]]
[1] "16 16 16 16 16 16 16 16 16 16 16 16"

[[438]]
[1] "16 16 16 16 16 16 16 16 16 16 16 16"

[[439]]
[1] "16 16 16 16 16 16 16 16 16 16 16 16"

[[440]]
[1] "16 16 16 16 16 16 16 16 16 16 16 16"

[[441]]
[1] "16 16 16 16 16 16 16 16 16 16 16 16"

[[442]]
[1] "16 16 16 16 16 16 16 16 16 16 16 16"

[[443]]
[1] "16 16 16 16 16 16 16 16 16 16 16 16"

[[444]]
[1] "16 16 16 16 16 16 16 16 16 16 16 16"

[[445]]
[1] "16 16 16 16 16 16 16 16 16 16 16 16"

[[446]]
[1] "16 16 16 16 16 16 16 16 16 16 16 16"

[[447]]
[1] "16 16 16 16 16 16 16 16 16 16 16 16"

[[448]]
[1] "16 16 16 16 16 16 16 16 16 16 16 16"

[[449]]
[1] "16 16 16 16 16 16 16 16 16 16 16 16"

[[450]]
[1] "16 16 16 16 16 16 16 16 16 16 16 16"

[[451]]
[1] "16 16 16 16 16 16 16 16 16 16 16 16"

[[452]]
[1] "16 16 16 16 16 16 16 16 16 16 16 16"

[[453]]
[1] "16 16 16 16 16 16 16 16 16 16 16 16"

[[454]]
[1] "16 16 16 16 16 16 16 16 16 16 16 16"

[[455]]
[1] "16 16 16 16 16 16 16 16 16 16 16 16"

[[456]]
[1] "16 16 16 16 16 16 16 16 16 16 16 16"

[[457]]
[1] "16 16 16 16 16 16 16 16 16 16 16 16"

[[458]]
[1] "16 16 16 16 16 16 16 16 16 16 16 16"

[[459]]
[1] "16 16 16 16 16 16 16 16 16 16 16 16"

[[460]]
[1] "16 16 16 16 16 16 16 16 16 16 16 16"

[[461]]
[1] "16 16 16 16 16 16 16 16 16 16 16 16"

[[462]]
[1] "16 16 16 16 16 16 16 16 16 16 16 16"

[[463]]
[1] "16 16 16 16 16 16 16 16 16 16 16 16"

[[464]]
[1] "16 16 16 16 16 16 16 16 16 16 16 16"

[[465]]
[1] "16 16 16 16 16 16 16 16 16 16 16 16"

[[466]]
[1] "16 16 16 16 16 16 16 16 16 16 16 16"

[[467]]
[1] "16 16 16 16 16 16 16 16 16 16 16 16"

[[468]]
[1] "16 16 16 16 16 16 16 16 16 16 16 16"

[[469]]
[1] "16 16 16 16 16 16 16 16 16 16 16 16"

[[470]]
[1] "16 16 16 16 16 16 16 16 16 16 16 8"

[[471]]
[1] "16 16 16 16 16 16 16 16 16 16 8 2.."

[[472]]
[1] "16 16 16 16 16 16 16 16 16 8 2.. 16"

[[473]]
[1] "16 16 16 16 16 16 16 16 8 2.. 16 16"

[[474]]
[1] "16 16 16 16 16 16 16 8 2.. 16 16 16."

[[475]]
[1] "16 16 16 16 16 16 8 2.. 16 16 16. 16"

[[476]]
[1] "16 16 16 16 16 8 2.. 16 16 16. 16 32"

[[477]]
[1] "16 16 16 16 8 2.. 16 16 16. 16 32 16"

[[478]]
[1] "16 16 16 8 2.. 16 16 16. 16 32 16 8"

[[479]]
[1] "16 16 8 2.. 16 16 16. 16 32 16 8 16"

[[480]]
[1] "16 8 2.. 16 16 16. 16 32 16 8 16 16"

[[481]]
[1] "8 2.. 16 16 16. 16 32 16 8 16 16 16"

[[482]]
[1] "2.. 16 16 16. 16 32 16 8 16 16 16 32"

[[483]]
[1] "16 16 16. 16 32 16 8 16 16 16 32 16"

[[484]]
[1] "16 16. 16 32 16 8 16 16 16 32 16 32"

[[485]]
[1] "16. 16 32 16 8 16 16 16 32 16 32 16"

[[486]]
[1] "16 32 16 8 16 16 16 32 16 32 16 8"

[[487]]
[1] "32 16 8 16 16 16 32 16 32 16 8 16"

[[488]]
[1] "16 8 16 16 16 32 16 32 16 8 16 16"

[[489]]
[1] "8 16 16 16 32 16 32 16 8 16 16 16"

[[490]]
[1] "16 16 16 32 16 32 16 8 16 16 16 32"

[[491]]
[1] "16 16 32 16 32 16 8 16 16 16 32 16"

[[492]]
[1] "16 32 16 32 16 8 16 16 16 32 16 32"

[[493]]
[1] "32 16 32 16 8 16 16 16 32 16 32 16"

[[494]]
[1] "16 32 16 8 16 16 16 32 16 32 16 8"

[[495]]
[1] "32 16 8 16 16 16 32 16 32 16 8 16"

[[496]]
[1] "16 8 16 16 16 32 16 32 16 8 16 16"

[[497]]
[1] "8 16 16 16 32 16 32 16 8 16 16 16"

[[498]]
[1] "16 16 16 32 16 32 16 8 16 16 16 32"

[[499]]
[1] "16 16 32 16 32 16 8 16 16 16 32 16"

[[500]]
[1] "16 32 16 32 16 8 16 16 16 32 16 32"

[[501]]
[1] "32 16 32 16 8 16 16 16 32 16 32 16"

[[502]]
[1] "16 32 16 8 16 16 16 32 16 32 16 8"

[[503]]
[1] "32 16 8 16 16 16 32 16 32 16 8 16"

[[504]]
[1] "16 8 16 16 16 32 16 32 16 8 16 16"

[[505]]
[1] "8 16 16 16 32 16 32 16 8 16 16 16"

[[506]]
[1] "16 16 16 32 16 32 16 8 16 16 16 32"

[[507]]
[1] "16 16 32 16 32 16 8 16 16 16 32 16"

[[508]]
[1] "16 32 16 32 16 8 16 16 16 32 16 32"

[[509]]
[1] "32 16 32 16 8 16 16 16 32 16 32 16"

[[510]]
[1] "16 32 16 8 16 16 16 32 16 32 16 8"

[[511]]
[1] "32 16 8 16 16 16 32 16 32 16 8 16"

[[512]]
[1] "16 8 16 16 16 32 16 32 16 8 16 32"

[[513]]
[1] "8 16 16 16 32 16 32 16 8 16 32 32"

[[514]]
[1] "16 16 16 32 16 32 16 8 16 32 32 16"

[[515]]
[1] "16 16 32 16 32 16 8 16 32 32 16 32"

[[516]]
[1] "16 32 16 32 16 8 16 32 32 16 32 16"

[[517]]
[1] "32 16 32 16 8 16 32 32 16 32 16 32"

[[518]]
[1] "16 32 16 8 16 32 32 16 32 16 32 16"

[[519]]
[1] "32 16 8 16 32 32 16 32 16 32 16 16."

[[520]]
[1] "16 8 16 32 32 16 32 16 32 16 16. 32"

[[521]]
[1] "8 16 32 32 16 32 16 32 16 16. 32 16"

[[522]]
[1] "16 32 32 16 32 16 32 16 16. 32 16 16"

[[523]]
[1] "32 32 16 32 16 32 16 16. 32 16 16 16."

[[524]]
[1] "32 16 32 16 32 16 16. 32 16 16 16. 16"

[[525]]
[1] "16 32 16 32 16 16. 32 16 16 16. 16 32"

[[526]]
[1] "32 16 32 16 16. 32 16 16 16. 16 32 16"

[[527]]
[1] "16 32 16 16. 32 16 16 16. 16 32 16 16."

[[528]]
[1] "32 16 16. 32 16 16 16. 16 32 16 16. 32"

[[529]]
[1] "16 16. 32 16 16 16. 16 32 16 16. 32 32"

[[530]]
[1] "16. 32 16 16 16. 16 32 16 16. 32 32 32"

[[531]]
[1] "32 16 16 16. 16 32 16 16. 32 32 32 32"

[[532]]
[1] "16 16 16. 16 32 16 16. 32 32 32 32 32"

[[533]]
[1] "16 16. 16 32 16 16. 32 32 32 32 32 16."

[[534]]
[1] "16. 16 32 16 16. 32 32 32 32 32 16. 16"

[[535]]
[1] "16 32 16 16. 32 32 32 32 32 16. 16 32"

[[536]]
[1] "32 16 16. 32 32 32 32 32 16. 16 32 16"

[[537]]
[1] "16 16. 32 32 32 32 32 16. 16 32 16 8"

[[538]]
[1] "16. 32 32 32 32 32 16. 16 32 16 8 16"

[[539]]
[1] "32 32 32 32 32 16. 16 32 16 8 16 16"

[[540]]
[1] "32 32 32 32 16. 16 32 16 8 16 16 16"

[[541]]
[1] "32 32 32 16. 16 32 16 8 16 16 16 32"

[[542]]
[1] "32 32 16. 16 32 16 8 16 16 16 32 16"

[[543]]
[1] "32 16. 16 32 16 8 16 16 16 32 16 32"

[[544]]
[1] "16. 16 32 16 8 16 16 16 32 16 32 16"

[[545]]
[1] "16 32 16 8 16 16 16 32 16 32 16 8"

[[546]]
[1] "32 16 8 16 16 16 32 16 32 16 8 16"

[[547]]
[1] "16 8 16 16 16 32 16 32 16 8 16 16"

[[548]]
[1] "8 16 16 16 32 16 32 16 8 16 16 16"

[[549]]
[1] "16 16 16 32 16 32 16 8 16 16 16 32"

[[550]]
[1] "16 16 32 16 32 16 8 16 16 16 32 16"

[[551]]
[1] "16 32 16 32 16 8 16 16 16 32 16 32"

[[552]]
[1] "32 16 32 16 8 16 16 16 32 16 32 16"

[[553]]
[1] "16 32 16 8 16 16 16 32 16 32 16 8"

[[554]]
[1] "32 16 8 16 16 16 32 16 32 16 8 16"

[[555]]
[1] "16 8 16 16 16 32 16 32 16 8 16 16"

[[556]]
[1] "8 16 16 16 32 16 32 16 8 16 16 16"

[[557]]
[1] "16 16 16 32 16 32 16 8 16 16 16 32"

[[558]]
[1] "16 16 32 16 32 16 8 16 16 16 32 16"

[[559]]
[1] "16 32 16 32 16 8 16 16 16 32 16 32"

[[560]]
[1] "32 16 32 16 8 16 16 16 32 16 32 16"

[[561]]
[1] "16 32 16 8 16 16 16 32 16 32 16 8"

[[562]]
[1] "32 16 8 16 16 16 32 16 32 16 8 16"

[[563]]
[1] "16 8 16 16 16 32 16 32 16 8 16 16"

[[564]]
[1] "8 16 16 16 32 16 32 16 8 16 16 16"

[[565]]
[1] "16 16 16 32 16 32 16 8 16 16 16 32"

[[566]]
[1] "16 16 32 16 32 16 8 16 16 16 32 16"

[[567]]
[1] "16 32 16 32 16 8 16 16 16 32 16 32"

[[568]]
[1] "32 16 32 16 8 16 16 16 32 16 32 16"

[[569]]
[1] "16 32 16 8 16 16 16 32 16 32 16 8"

[[570]]
[1] "32 16 8 16 16 16 32 16 32 16 8 16"

[[571]]
[1] "16 8 16 16 16 32 16 32 16 8 16 16"

[[572]]
[1] "8 16 16 16 32 16 32 16 8 16 16 16"

[[573]]
[1] "16 16 16 32 16 32 16 8 16 16 16 16"

[[574]]
[1] "16 16 32 16 32 16 8 16 16 16 16 16"

[[575]]
[1] "16 32 16 32 16 8 16 16 16 16 16 16"

[[576]]
[1] "32 16 32 16 8 16 16 16 16 16 16 16"

[[577]]
[1] "16 32 16 8 16 16 16 16 16 16 16 16"

[[578]]
[1] "32 16 8 16 16 16 16 16 16 16 16 16"

[[579]]
[1] "16 8 16 16 16 16 16 16 16 16 16 16"

[[580]]
[1] "8 16 16 16 16 16 16 16 16 16 16 16"

[[581]]
[1] "16 16 16 16 16 16 16 16 16 16 16 16"

[[582]]
[1] "16 16 16 16 16 16 16 16 16 16 16 16"

[[583]]
[1] "16 16 16 16 16 16 16 16 16 16 16 16"

[[584]]
[1] "16 16 16 16 16 16 16 16 16 16 16 16"

[[585]]
[1] "16 16 16 16 16 16 16 16 16 16 16 16"

[[586]]
[1] "16 16 16 16 16 16 16 16 16 16 16 16"

[[587]]
[1] "16 16 16 16 16 16 16 16 16 16 16 16"

[[588]]
[1] "16 16 16 16 16 16 16 16 16 16 16 16"

[[589]]
[1] "16 16 16 16 16 16 16 16 16 16 16 16"

[[590]]
[1] "16 16 16 16 16 16 16 16 16 16 16 16"

[[591]]
[1] "16 16 16 16 16 16 16 16 16 16 16 16"

[[592]]
[1] "16 16 16 16 16 16 16 16 16 16 16 16"

[[593]]
[1] "16 16 16 16 16 16 16 16 16 16 16 16"

[[594]]
[1] "16 16 16 16 16 16 16 16 16 16 16 16"

[[595]]
[1] "16 16 16 16 16 16 16 16 16 16 16 32"

[[596]]
[1] "16 16 16 16 16 16 16 16 16 16 32 32"

[[597]]
[1] "16 16 16 16 16 16 16 16 16 32 32 16"

[[598]]
[1] "16 16 16 16 16 16 16 16 32 32 16 16"

[[599]]
[1] "16 16 16 16 16 16 16 32 32 16 16 16"

[[600]]
[1] "16 16 16 16 16 16 32 32 16 16 16 16"

[[601]]
[1] "16 16 16 16 16 32 32 16 16 16 16 16"

[[602]]
[1] "16 16 16 16 32 32 16 16 16 16 16 16"

[[603]]
[1] "16 16 16 32 32 16 16 16 16 16 16 16"

[[604]]
[1] "16 16 32 32 16 16 16 16 16 16 16 16"

[[605]]
[1] "16 32 32 16 16 16 16 16 16 16 16 16."

[[606]]
[1] "32 32 16 16 16 16 16 16 16 16 16. 16"

[[607]]
[1] "32 16 16 16 16 16 16 16 16 16. 16 32"

[[608]]
[1] "16 16 16 16 16 16 16 16 16. 16 32 16"

[[609]]
[1] "16 16 16 16 16 16 16 16. 16 32 16 8"

[[610]]
[1] "16 16 16 16 16 16 16. 16 32 16 8 16"

[[611]]
[1] "16 16 16 16 16 16. 16 32 16 8 16 16"

[[612]]
[1] "16 16 16 16 16. 16 32 16 8 16 16 16"

[[613]]
[1] "16 16 16 16. 16 32 16 8 16 16 16 32"

[[614]]
[1] "16 16 16. 16 32 16 8 16 16 16 32 16"

[[615]]
[1] "16 16. 16 32 16 8 16 16 16 32 16 32"

[[616]]
[1] "16. 16 32 16 8 16 16 16 32 16 32 16"

[[617]]
[1] "16 32 16 8 16 16 16 32 16 32 16 8"

[[618]]
[1] "32 16 8 16 16 16 32 16 32 16 8 16"

[[619]]
[1] "16 8 16 16 16 32 16 32 16 8 16 16"

[[620]]
[1] "8 16 16 16 32 16 32 16 8 16 16 16"

[[621]]
[1] "16 16 16 32 16 32 16 8 16 16 16 32"

[[622]]
[1] "16 16 32 16 32 16 8 16 16 16 32 16"

[[623]]
[1] "16 32 16 32 16 8 16 16 16 32 16 32"

[[624]]
[1] "32 16 32 16 8 16 16 16 32 16 32 16"

[[625]]
[1] "16 32 16 8 16 16 16 32 16 32 16 8"

[[626]]
[1] "32 16 8 16 16 16 32 16 32 16 8 16"

[[627]]
[1] "16 8 16 16 16 32 16 32 16 8 16 16"

[[628]]
[1] "8 16 16 16 32 16 32 16 8 16 16 16"

[[629]]
[1] "16 16 16 32 16 32 16 8 16 16 16 32"

[[630]]
[1] "16 16 32 16 32 16 8 16 16 16 32 32"

[[631]]
[1] "16 32 16 32 16 8 16 16 16 32 32 16"

[[632]]
[1] "32 16 32 16 8 16 16 16 32 32 16 16"

[[633]]
[1] "16 32 16 8 16 16 16 32 32 16 16 4"

[[634]]
[1] "32 16 8 16 16 16 32 32 16 16 4 NA"

[[635]]
[1] "16 8 16 16 16 32 32 16 16 4 NA NA"

[[636]]
[1] "8 16 16 16 32 32 16 16 4 NA NA NA"

[[637]]
[1] "16 16 16 32 32 16 16 4 NA NA NA NA"

[[638]]
[1] "16 16 32 32 16 16 4 NA NA NA NA NA"

[[639]]
[1] "16 32 32 16 16 4 NA NA NA NA NA NA"

[[640]]
[1] "32 32 16 16 4 NA NA NA NA NA NA NA"

[[641]]
[1] "32 16 16 4 NA NA NA NA NA NA NA NA"

[[642]]
[1] "16 16 4 NA NA NA NA NA NA NA NA NA"

[[643]]
[1] "16 4 NA NA NA NA NA NA NA NA NA NA"

[[644]]
[1] "4 NA NA NA NA NA NA NA NA NA NA NA"

